1 47 52  54 018
1 47 52  54 018
2 47 52  54 019
3 47 52  55 019
4 46 52  55 019
5 46 52  55 018
6 46 52  54 018
7 47 52  54 018
8 47 52  55 017
9 47 52  54 017
10 47 52  54 018
11 47 52  54 020
12 47 52  54 019
13 47 52  54 021
14 46 52  54 028
15 47 52  55 028
16 46 53  54 027
17 46 52  54 027
18 47 52  54 026
19 47 52  54 026
20 47 52  55 026
21 46 52  54 025
22 46 52  54 025
23 46 52  54 026
24 46 52  54 026
25 46 52  54 025
26 47 52  54 025
27 46 52  54 024
28 46 52  54 024
29 47 52  54 023
30 47 52  54 023
31 46 52  54 023
32 47 52  54 022
33 47 52  54 022
34 47 53  55 022
35 47 52  54 021
36 47 52  54 021
37 47 52  54 021
38 46 53  54 020
39 47 53  54 020
40 47 53  54 020
41 47 52  54 019
42 47 53  54 019
43 47 52  54 019
44 47 53  54 018
45 47 53  54 018
46 47 53  54 018
47 47 53  54 017
48 47 53  54 017
49 47 53  54 017
50 47 53  54 016
51 47 53  54 016
52 47 53  55 016
53 47 53  55 016
54 47 53  55 015
55 47 53  54 015
56 47 53  54 015
57 47 53  55 015
58 47 53  55 014
59 47 53  54 014
60 47 53  54 014
61 47 53  54 014
62 47 53  54 013
63 47 53  54 013
64 47 53  54 013
65 47 53  54 013
66 47 53  54 013
67 47 53  54 012
68 47 53  54 012
69 47 53  54 012
70 47 53  54 012
71 47 53  55 012
72 47 53  55 011
73 47 53  54 011
74 47 53  55 011
75 47 53  54 011
76 47 53  54 011
77 48 53  54 010
78 47 53  54 010
79 47 53  55 010
80 48 53  54 010
81 47 53  54 010
82 48 53  54 010
83 47 53  55 010
84 47 53  55 009
85 47 53  55 009
86 48 53  54 009
87 47 53  54 009
88 48 53  54 009
89 47 53  54 009
90 48 53  54 008
91 47 53  54 008
92 47 53  54 008
93 48 53  54 008
94 48 53  55 008
95 47 53  54 008
96 47 53  54 008
97 47 53  55 007
98 47 53  55 007
99 47 53  54 007
100 47 53  55 007
101 48 53  54 007
102 47 53  55 007
103 48 53  55 007
104 47 53  55 007
105 48 53  54 008
106 47 53  54 011
107 47 53  55 011
108 47 53  54 011
109 47 53  54 011
